1   0  12  1  4   1 21 25 37
20  0  20  2 10  20 36 32 30 22 27 33 29 21 38
3   2   5  3 16   3 21 36 22 35 23 34 24 33 25 32 26 31 27 30 39
4   4  15  1  8   4 24 28 32 22 36 30 44 
5   4  50  2  9   5 25 30 36 33 21 22 31 41
6   6  75  3  6   6 22 26 36 28 42
7   1 300  1  6   7 35 36 22 30 43
8   7  49  2  8   8 28 36 22 30 23 28 44
19  8  40  1  8  19 32 21 36 22 27 30 45
10 10  52  2  8  10 22 21 36 22 28 31 46
11 21  18  3  7  11 36 22 30 35 23 37
12  4  11  3  8  12 33 23 32 22 36 28 48
13 23  94  3  4  13 21 36 44
14 33  66  1  3  14 27 47
15  1 123  1 10  15 29 36 30 23 31 22 32 41 44
16  2  16  2  9  16 36 35 34 33 32 31 30 44
17  3  17  3  8  17 21 22 23 24 25 36 48
18  4  44  2  8  18 26 27 28 36 22 29 37
9 500  22  1  9   9 28 33 36 22 30 31 29 44
2 500  33  3 11   2 30 31 32 33 34 22 21 25 28 39
